PARAMETERS:
n_elec=15
off_elec=4
freq=1000.0 Hz
amp_AWG=0.1
g_ch11
protocole:
0: ((1, 5), (3, 2))1: ((1, 5), (4, 3))2: ((1, 5), (7, 6))3: ((1, 5), (8, 7))4: ((1, 5), (9, 8))5: ((1, 5), (10, 9))6: ((1, 5), (11, 10))7: ((1, 5), (12, 11))8: ((1, 5), (13, 12))9: ((1, 5), (14, 13))10: ((1, 5), (15, 14))11: ((2, 6), (4, 3))12: ((2, 6), (5, 4))13: ((2, 6), (8, 7))14: ((2, 6), (9, 8))15: ((2, 6), (10, 9))16: ((2, 6), (11, 10))17: ((2, 6), (12, 11))18: ((2, 6), (13, 12))19: ((2, 6), (14, 13))20: ((2, 6), (15, 14))21: ((2, 6), (1, 15))22: ((3, 7), (2, 1))23: ((3, 7), (5, 4))24: ((3, 7), (6, 5))25: ((3, 7), (9, 8))26: ((3, 7), (10, 9))27: ((3, 7), (11, 10))28: ((3, 7), (12, 11))29: ((3, 7), (13, 12))30: ((3, 7), (14, 13))31: ((3, 7), (15, 14))32: ((3, 7), (1, 15))33: ((4, 8), (2, 1))34: ((4, 8), (3, 2))35: ((4, 8), (6, 5))36: ((4, 8), (7, 6))37: ((4, 8), (10, 9))38: ((4, 8), (11, 10))39: ((4, 8), (12, 11))40: ((4, 8), (13, 12))41: ((4, 8), (14, 13))42: ((4, 8), (15, 14))43: ((4, 8), (1, 15))44: ((5, 9), (2, 1))45: ((5, 9), (3, 2))46: ((5, 9), (4, 3))47: ((5, 9), (7, 6))48: ((5, 9), (8, 7))49: ((5, 9), (11, 10))50: ((5, 9), (12, 11))51: ((5, 9), (13, 12))52: ((5, 9), (14, 13))53: ((5, 9), (15, 14))54: ((5, 9), (1, 15))55: ((6, 10), (2, 1))56: ((6, 10), (3, 2))57: ((6, 10), (4, 3))58: ((6, 10), (5, 4))59: ((6, 10), (8, 7))60: ((6, 10), (9, 8))61: ((6, 10), (12, 11))62: ((6, 10), (13, 12))63: ((6, 10), (14, 13))64: ((6, 10), (15, 14))65: ((6, 10), (1, 15))66: ((7, 11), (2, 1))67: ((7, 11), (3, 2))68: ((7, 11), (4, 3))69: ((7, 11), (5, 4))70: ((7, 11), (6, 5))71: ((7, 11), (9, 8))72: ((7, 11), (10, 9))73: ((7, 11), (13, 12))74: ((7, 11), (14, 13))75: ((7, 11), (15, 14))76: ((7, 11), (1, 15))77: ((8, 12), (2, 1))78: ((8, 12), (3, 2))79: ((8, 12), (4, 3))80: ((8, 12), (5, 4))81: ((8, 12), (6, 5))82: ((8, 12), (7, 6))83: ((8, 12), (10, 9))84: ((8, 12), (11, 10))85: ((8, 12), (14, 13))86: ((8, 12), (15, 14))87: ((8, 12), (1, 15))88: ((9, 13), (2, 1))89: ((9, 13), (3, 2))90: ((9, 13), (4, 3))91: ((9, 13), (5, 4))92: ((9, 13), (6, 5))93: ((9, 13), (7, 6))94: ((9, 13), (8, 7))95: ((9, 13), (11, 10))96: ((9, 13), (12, 11))97: ((9, 13), (15, 14))98: ((9, 13), (1, 15))99: ((10, 14), (2, 1))100: ((10, 14), (3, 2))101: ((10, 14), (4, 3))102: ((10, 14), (5, 4))103: ((10, 14), (6, 5))104: ((10, 14), (7, 6))105: ((10, 14), (8, 7))106: ((10, 14), (9, 8))107: ((10, 14), (12, 11))108: ((10, 14), (13, 12))109: ((10, 14), (1, 15))110: ((11, 15), (2, 1))111: ((11, 15), (3, 2))112: ((11, 15), (4, 3))113: ((11, 15), (5, 4))114: ((11, 15), (6, 5))115: ((11, 15), (7, 6))116: ((11, 15), (8, 7))117: ((11, 15), (9, 8))118: ((11, 15), (10, 9))119: ((11, 15), (13, 12))120: ((11, 15), (14, 13))121: ((12, 1), (3, 2))122: ((12, 1), (4, 3))123: ((12, 1), (5, 4))124: ((12, 1), (6, 5))125: ((12, 1), (7, 6))126: ((12, 1), (8, 7))127: ((12, 1), (9, 8))128: ((12, 1), (10, 9))129: ((12, 1), (11, 10))130: ((12, 1), (14, 13))131: ((12, 1), (15, 14))132: ((13, 2), (4, 3))133: ((13, 2), (5, 4))134: ((13, 2), (6, 5))135: ((13, 2), (7, 6))136: ((13, 2), (8, 7))137: ((13, 2), (9, 8))138: ((13, 2), (10, 9))139: ((13, 2), (11, 10))140: ((13, 2), (12, 11))141: ((13, 2), (15, 14))142: ((13, 2), (1, 15))143: ((14, 3), (2, 1))144: ((14, 3), (5, 4))145: ((14, 3), (6, 5))146: ((14, 3), (7, 6))147: ((14, 3), (8, 7))148: ((14, 3), (9, 8))149: ((14, 3), (10, 9))150: ((14, 3), (11, 10))151: ((14, 3), (12, 11))152: ((14, 3), (13, 12))153: ((14, 3), (1, 15))154: ((15, 4), (2, 1))155: ((15, 4), (3, 2))156: ((15, 4), (6, 5))157: ((15, 4), (7, 6))158: ((15, 4), (8, 7))159: ((15, 4), (9, 8))160: ((15, 4), (10, 9))161: ((15, 4), (11, 10))162: ((15, 4), (12, 11))163: ((15, 4), (13, 12))164: ((15, 4), (14, 13))
COMMENT

mil -> haut -> bas -> rien